SubjID Var1 Var2 Var3 Patterns FreqPatterns initial_gik1 initial_gik2 initial_gik3 final_gik1 final_gik2 final_gik3
ID1 3 2 4 324 54 0.3333 0.3333 0.3333 0 0.4275 0.5725
ID10 1 1 3 113 40 0.3333 0.3333 0.3333 1 0 0
ID100 3 1 2 312 41 0.3333 0.3333 0.3333 0.5822 0.4178 0
ID1000 2 1 3 213 55 0.3333 0.3333 0.3333 1 0 0
ID101 3 2 4 324 54 0.3333 0.3333 0.3333 0 0.4275 0.5725
ID102 2 2 3 223 44 0.3333 0.3333 0.3333 0.5248 0 0.4752
ID103 2 1 1 211 52 0.3333 0.3333 0.3333 0.5822 0.4178 0
ID104 3 2 1 321 41 0.3333 0.3333 0.3333 0 1 0
ID105 1 1 3 113 40 0.3333 0.3333 0.3333 1 0 0
ID106 1 1 4 114 45 0.3333 0.3333 0.3333 0.4752 0 0.5248
ID107 3 1 1 311 39 0.3333 0.3333 0.3333 0 1 0
ID108 2 1 1 211 52 0.3333 0.3333 0.3333 0.5822 0.4178 0
ID109 2 1 1 211 52 0.3333 0.3333 0.3333 0.5822 0.4178 0
ID11 2 1 4 214 46 0.3333 0.3333 0.3333 0.5248 0 0.4752
ID110 2 2 2 222 30 0.3333 0.3333 0.3333 0 0 1
ID111 2 1 1 211 52 0.3333 0.3333 0.3333 0.5822 0.4178 0
ID112 2 2 2 222 30 0.3333 0.3333 0.3333 0 0 1
ID113 2 2 3 223 44 0.3333 0.3333 0.3333 0.5248 0 0.4752
ID114 3 1 1 311 39 0.3333 0.3333 0.3333 0 1 0
ID115 2 1 4 214 46 0.3333 0.3333 0.3333 0.5248 0 0.4752
ID116 1 2 4 124 26 0.3333 0.3333 0.3333 0 0 1
ID117 2 2 3 223 44 0.3333 0.3333 0.3333 0.5248 0 0.4752
ID118 2 1 1 211 52 0.3333 0.3333 0.3333 0.5822 0.4178 0
ID119 2 1 3 213 55 0.3333 0.3333 0.3333 1 0 0
ID12 2 1 1 211 52 0.3333 0.3333 0.3333 0.5822 0.4178 0
ID120 3 1 3 313 40 0.3333 0.3333 0.3333 0.5822 0.4178 0
ID121 2 1 2 212 34 0.3333 0.3333 0.3333 1 0 0
ID122 3 1 1 311 39 0.3333 0.3333 0.3333 0 1 0
ID123 2 2 3 223 44 0.3333 0.3333 0.3333 0.5248 0 0.4752
ID124 3 1 3 313 40 0.3333 0.3333 0.3333 0.5822 0.4178 0
ID125 1 1 4 114 45 0.3333 0.3333 0.3333 0.4752 0 0.5248
ID126 3 1 1 311 39 0.3333 0.3333 0.3333 0 1 0
ID127 3 1 2 312 41 0.3333 0.3333 0.3333 0.5822 0.4178 0
ID128 3 2 2 322 41 0.3333 0.3333 0.3333 0 0.4275 0.5725
ID129 1 2 4 124 26 0.3333 0.3333 0.3333 0 0 1
ID13 1 2 2 122 40 0.3333 0.3333 0.3333 0 0 1
ID130 3 2 2 322 41 0.3333 0.3333 0.3333 0 0.4275 0.5725
ID131 3 1 4 314 40 0.3333 0.3333 0.3333 0.0342 0.6325 0.3333
ID132 2 2 3 223 44 0.3333 0.3333 0.3333 0.5248 0 0.4752
ID133 2 1 4 214 46 0.3333 0.3333 0.3333 0.5248 0 0.4752
ID134 2 1 3 213 55 0.3333 0.3333 0.3333 1 0 0
ID135 3 1 4 314 40 0.3333 0.3333 0.3333 0.0342 0.6325 0.3333
ID136 3 1 3 313 40 0.3333 0.3333 0.3333 0.5822 0.4178 0
ID137 3 1 4 314 40 0.3333 0.3333 0.3333 0.0342 0.6325 0.3333
ID138 2 2 1 221 26 0.3333 0.3333 0.3333 0 0.4275 0.5725
ID139 1 2 4 124 26 0.3333 0.3333 0.3333 0 0 1
ID14 2 2 4 224 44 0.3333 0.3333 0.3333 0 0 1
ID140 2 1 2 212 34 0.3333 0.3333 0.3333 1 0 0
ID141 1 1 2 112 34 0.3333 0.3333 0.3333 1 0 0
ID142 3 2 1 321 41 0.3333 0.3333 0.3333 0 1 0
ID143 3 1 1 311 39 0.3333 0.3333 0.3333 0 1 0
ID144 2 2 1 221 26 0.3333 0.3333 0.3333 0 0.4275 0.5725
ID145 1 2 2 122 40 0.3333 0.3333 0.3333 0 0 1
ID146 3 2 3 323 47 0.3333 0.3333 0.3333 0.3333 0.6667 0
ID147 1 1 3 113 40 0.3333 0.3333 0.3333 1 0 0
ID148 3 1 3 313 40 0.3333 0.3333 0.3333 0.5822 0.4178 0
ID149 2 2 4 224 44 0.3333 0.3333 0.3333 0 0 1
ID15 3 1 3 313 40 0.3333 0.3333 0.3333 0.5822 0.4178 0
ID150 2 1 3 213 55 0.3333 0.3333 0.3333 1 0 0
ID151 1 2 1 121 50 0.3333 0.3333 0.3333 0 0.4275 0.5725
ID152 3 1 1 311 39 0.3333 0.3333 0.3333 0 1 0
ID153 2 2 3 223 44 0.3333 0.3333 0.3333 0.5248 0 0.4752
ID154 1 1 1 111 47 0.3333 0.3333 0.3333 0.5822 0.4178 0
ID155 3 1 4 314 40 0.3333 0.3333 0.3333 0.0342 0.6325 0.3333
ID156 3 2 1 321 41 0.3333 0.3333 0.3333 0 1 0
ID157 3 2 4 324 54 0.3333 0.3333 0.3333 0 0.4275 0.5725
ID158 1 2 1 121 50 0.3333 0.3333 0.3333 0 0.4275 0.5725
ID159 2 2 4 224 44 0.3333 0.3333 0.3333 0 0 1
ID16 1 1 3 113 40 0.3333 0.3333 0.3333 1 0 0
ID160 2 2 4 224 44 0.3333 0.3333 0.3333 0 0 1
ID161 1 1 4 114 45 0.3333 0.3333 0.3333 0.4752 0 0.5248
ID162 2 2 3 223 44 0.3333 0.3333 0.3333 0.5248 0 0.4752
ID163 3 1 3 313 40 0.3333 0.3333 0.3333 0.5822 0.4178 0
ID164 3 2 4 324 54 0.3333 0.3333 0.3333 0 0.4275 0.5725
ID165 1 1 4 114 45 0.3333 0.3333 0.3333 0.4752 0 0.5248
ID166 2 2 4 224 44 0.3333 0.3333 0.3333 0 0 1
ID167 1 1 2 112 34 0.3333 0.3333 0.3333 1 0 0
ID168 2 1 3 213 55 0.3333 0.3333 0.3333 1 0 0
ID169 3 2 2 322 41 0.3333 0.3333 0.3333 0 0.4275 0.5725
ID17 3 2 1 321 41 0.3333 0.3333 0.3333 0 1 0
ID170 3 2 4 324 54 0.3333 0.3333 0.3333 0 0.4275 0.5725
ID171 1 1 4 114 45 0.3333 0.3333 0.3333 0.4752 0 0.5248
ID172 3 2 4 324 54 0.3333 0.3333 0.3333 0 0.4275 0.5725
ID173 2 1 4 214 46 0.3333 0.3333 0.3333 0.5248 0 0.4752
ID174 1 1 2 112 34 0.3333 0.3333 0.3333 1 0 0
ID175 1 1 2 112 34 0.3333 0.3333 0.3333 1 0 0
ID176 2 1 2 212 34 0.3333 0.3333 0.3333 1 0 0
ID177 3 2 3 323 47 0.3333 0.3333 0.3333 0.3333 0.6667 0
ID178 1 1 2 112 34 0.3333 0.3333 0.3333 1 0 0
ID179 2 2 4 224 44 0.3333 0.3333 0.3333 0 0 1
ID18 3 2 3 323 47 0.3333 0.3333 0.3333 0.3333 0.6667 0
ID180 2 2 4 224 44 0.3333 0.3333 0.3333 0 0 1
ID181 1 2 3 123 44 0.3333 0.3333 0.3333 0.4752 0 0.5248
ID182 2 2 4 224 44 0.3333 0.3333 0.3333 0 0 1
ID183 1 2 2 122 40 0.3333 0.3333 0.3333 0 0 1
ID184 1 2 1 121 50 0.3333 0.3333 0.3333 0 0.4275 0.5725
ID185 2 1 1 211 52 0.3333 0.3333 0.3333 0.5822 0.4178 0
ID186 1 2 3 123 44 0.3333 0.3333 0.3333 0.4752 0 0.5248
ID187 3 2 1 321 41 0.3333 0.3333 0.3333 0 1 0
ID188 1 2 2 122 40 0.3333 0.3333 0.3333 0 0 1
ID189 1 1 2 112 34 0.3333 0.3333 0.3333 1 0 0
ID19 1 1 3 113 40 0.3333 0.3333 0.3333 1 0 0
ID190 2 1 2 212 34 0.3333 0.3333 0.3333 1 0 0
ID191 1 2 1 121 50 0.3333 0.3333 0.3333 0 0.4275 0.5725
ID192 2 1 3 213 55 0.3333 0.3333 0.3333 1 0 0
ID193 1 1 4 114 45 0.3333 0.3333 0.3333 0.4752 0 0.5248
ID194 1 1 3 113 40 0.3333 0.3333 0.3333 1 0 0
ID195 1 2 2 122 40 0.3333 0.3333 0.3333 0 0 1
ID196 3 2 2 322 41 0.3333 0.3333 0.3333 0 0.4275 0.5725
ID197 3 2 2 322 41 0.3333 0.3333 0.3333 0 0.4275 0.5725
ID198 2 1 4 214 46 0.3333 0.3333 0.3333 0.5248 0 0.4752
ID199 1 1 3 113 40 0.3333 0.3333 0.3333 1 0 0
ID2 3 2 1 321 41 0.3333 0.3333 0.3333 0 1 0
ID20 1 1 4 114 45 0.3333 0.3333 0.3333 0.4752 0 0.5248
ID200 2 1 1 211 52 0.3333 0.3333 0.3333 0.5822 0.4178 0
ID201 3 2 2 322 41 0.3333 0.3333 0.3333 0 0.4275 0.5725
ID202 2 1 3 213 55 0.3333 0.3333 0.3333 1 0 0
ID203 3 2 1 321 41 0.3333 0.3333 0.3333 0 1 0
ID204 2 2 4 224 44 0.3333 0.3333 0.3333 0 0 1
ID205 3 2 3 323 47 0.3333 0.3333 0.3333 0.3333 0.6667 0
ID206 1 1 3 113 40 0.3333 0.3333 0.3333 1 0 0
ID207 1 1 2 112 34 0.3333 0.3333 0.3333 1 0 0
ID208 1 1 3 113 40 0.3333 0.3333 0.3333 1 0 0
ID209 1 1 4 114 45 0.3333 0.3333 0.3333 0.4752 0 0.5248
ID21 1 2 1 121 50 0.3333 0.3333 0.3333 0 0.4275 0.5725
ID210 3 2 3 323 47 0.3333 0.3333 0.3333 0.3333 0.6667 0
ID211 2 2 2 222 30 0.3333 0.3333 0.3333 0 0 1
ID212 1 2 4 124 26 0.3333 0.3333 0.3333 0 0 1
ID213 2 1 1 211 52 0.3333 0.3333 0.3333 0.5822 0.4178 0
ID214 1 2 1 121 50 0.3333 0.3333 0.3333 0 0.4275 0.5725
ID215 3 2 4 324 54 0.3333 0.3333 0.3333 0 0.4275 0.5725
ID216 3 2 3 323 47 0.3333 0.3333 0.3333 0.3333 0.6667 0
ID217 1 2 1 121 50 0.3333 0.3333 0.3333 0 0.4275 0.5725
ID218 2 2 3 223 44 0.3333 0.3333 0.3333 0.5248 0 0.4752
ID219 3 1 3 313 40 0.3333 0.3333 0.3333 0.5822 0.4178 0
ID22 1 2 4 124 26 0.3333 0.3333 0.3333 0 0 1
ID220 1 1 2 112 34 0.3333 0.3333 0.3333 1 0 0
ID221 3 2 3 323 47 0.3333 0.3333 0.3333 0.3333 0.6667 0
ID222 2 2 4 224 44 0.3333 0.3333 0.3333 0 0 1
ID223 1 2 1 121 50 0.3333 0.3333 0.3333 0 0.4275 0.5725
ID224 1 2 1 121 50 0.3333 0.3333 0.3333 0 0.4275 0.5725
ID225 1 1 1 111 47 0.3333 0.3333 0.3333 0.5822 0.4178 0
ID226 1 1 3 113 40 0.3333 0.3333 0.3333 1 0 0
ID227 1 1 1 111 47 0.3333 0.3333 0.3333 0.5822 0.4178 0
ID228 3 1 2 312 41 0.3333 0.3333 0.3333 0.5822 0.4178 0
ID229 2 1 1 211 52 0.3333 0.3333 0.3333 0.5822 0.4178 0
ID23 3 1 1 311 39 0.3333 0.3333 0.3333 0 1 0
ID230 2 2 2 222 30 0.3333 0.3333 0.3333 0 0 1
ID231 2 2 4 224 44 0.3333 0.3333 0.3333 0 0 1
ID232 3 1 1 311 39 0.3333 0.3333 0.3333 0 1 0
ID233 1 2 4 124 26 0.3333 0.3333 0.3333 0 0 1
ID234 2 2 4 224 44 0.3333 0.3333 0.3333 0 0 1
ID235 2 1 2 212 34 0.3333 0.3333 0.3333 1 0 0
ID236 1 2 2 122 40 0.3333 0.3333 0.3333 0 0 1
ID237 2 2 2 222 30 0.3333 0.3333 0.3333 0 0 1
ID238 1 1 4 114 45 0.3333 0.3333 0.3333 0.4752 0 0.5248
ID239 1 2 3 123 44 0.3333 0.3333 0.3333 0.4752 0 0.5248
ID24 2 1 1 211 52 0.3333 0.3333 0.3333 0.5822 0.4178 0
ID240 2 1 3 213 55 0.3333 0.3333 0.3333 1 0 0
ID241 3 2 2 322 41 0.3333 0.3333 0.3333 0 0.4275 0.5725
ID242 1 1 4 114 45 0.3333 0.3333 0.3333 0.4752 0 0.5248
ID243 3 1 2 312 41 0.3333 0.3333 0.3333 0.5822 0.4178 0
ID244 1 2 2 122 40 0.3333 0.3333 0.3333 0 0 1
ID245 2 2 4 224 44 0.3333 0.3333 0.3333 0 0 1
ID246 1 2 3 123 44 0.3333 0.3333 0.3333 0.4752 0 0.5248
ID247 2 1 1 211 52 0.3333 0.3333 0.3333 0.5822 0.4178 0
ID248 2 1 3 213 55 0.3333 0.3333 0.3333 1 0 0
ID249 2 1 4 214 46 0.3333 0.3333 0.3333 0.5248 0 0.4752
ID25 3 1 4 314 40 0.3333 0.3333 0.3333 0.0342 0.6325 0.3333
ID250 3 1 1 311 39 0.3333 0.3333 0.3333 0 1 0
ID251 1 2 2 122 40 0.3333 0.3333 0.3333 0 0 1
ID252 1 2 3 123 44 0.3333 0.3333 0.3333 0.4752 0 0.5248
ID253 1 2 2 122 40 0.3333 0.3333 0.3333 0 0 1
ID254 1 2 2 122 40 0.3333 0.3333 0.3333 0 0 1
ID255 3 2 1 321 41 0.3333 0.3333 0.3333 0 1 0
ID256 1 1 2 112 34 0.3333 0.3333 0.3333 1 0 0
ID257 2 2 4 224 44 0.3333 0.3333 0.3333 0 0 1
ID258 1 1 4 114 45 0.3333 0.3333 0.3333 0.4752 0 0.5248
ID259 2 1 3 213 55 0.3333 0.3333 0.3333 1 0 0
ID26 2 1 2 212 34 0.3333 0.3333 0.3333 1 0 0
ID260 2 2 4 224 44 0.3333 0.3333 0.3333 0 0 1
ID261 1 1 2 112 34 0.3333 0.3333 0.3333 1 0 0
ID262 1 1 3 113 40 0.3333 0.3333 0.3333 1 0 0
ID263 1 1 3 113 40 0.3333 0.3333 0.3333 1 0 0
ID264 1 2 4 124 26 0.3333 0.3333 0.3333 0 0 1
ID265 3 2 2 322 41 0.3333 0.3333 0.3333 0 0.4275 0.5725
ID266 1 1 1 111 47 0.3333 0.3333 0.3333 0.5822 0.4178 0
ID267 1 1 1 111 47 0.3333 0.3333 0.3333 0.5822 0.4178 0
ID268 1 1 2 112 34 0.3333 0.3333 0.3333 1 0 0
ID269 2 1 3 213 55 0.3333 0.3333 0.3333 1 0 0
ID27 1 1 1 111 47 0.3333 0.3333 0.3333 0.5822 0.4178 0
ID270 2 1 2 212 34 0.3333 0.3333 0.3333 1 0 0
ID271 3 2 1 321 41 0.3333 0.3333 0.3333 0 1 0
ID272 2 1 3 213 55 0.3333 0.3333 0.3333 1 0 0
ID273 3 1 1 311 39 0.3333 0.3333 0.3333 0 1 0
ID274 1 2 1 121 50 0.3333 0.3333 0.3333 0 0.4275 0.5725
ID275 1 2 3 123 44 0.3333 0.3333 0.3333 0.4752 0 0.5248
ID276 1 2 1 121 50 0.3333 0.3333 0.3333 0 0.4275 0.5725
ID277 1 2 4 124 26 0.3333 0.3333 0.3333 0 0 1
ID278 1 2 2 122 40 0.3333 0.3333 0.3333 0 0 1
ID279 3 1 4 314 40 0.3333 0.3333 0.3333 0.0342 0.6325 0.3333
ID28 2 2 3 223 44 0.3333 0.3333 0.3333 0.5248 0 0.4752
ID280 1 2 3 123 44 0.3333 0.3333 0.3333 0.4752 0 0.5248
ID281 1 2 4 124 26 0.3333 0.3333 0.3333 0 0 1
ID282 3 1 3 313 40 0.3333 0.3333 0.3333 0.5822 0.4178 0
ID283 3 2 3 323 47 0.3333 0.3333 0.3333 0.3333 0.6667 0
ID284 2 1 3 213 55 0.3333 0.3333 0.3333 1 0 0
ID285 1 2 3 123 44 0.3333 0.3333 0.3333 0.4752 0 0.5248
ID286 1 1 2 112 34 0.3333 0.3333 0.3333 1 0 0
ID287 1 2 1 121 50 0.3333 0.3333 0.3333 0 0.4275 0.5725
ID288 2 1 3 213 55 0.3333 0.3333 0.3333 1 0 0
ID289 1 2 2 122 40 0.3333 0.3333 0.3333 0 0 1
ID29 3 2 4 324 54 0.3333 0.3333 0.3333 0 0.4275 0.5725
ID290 2 1 1 211 52 0.3333 0.3333 0.3333 0.5822 0.4178 0
ID291 1 2 1 121 50 0.3333 0.3333 0.3333 0 0.4275 0.5725
ID292 1 2 3 123 44 0.3333 0.3333 0.3333 0.4752 0 0.5248
ID293 3 1 2 312 41 0.3333 0.3333 0.3333 0.5822 0.4178 0
ID294 3 2 2 322 41 0.3333 0.3333 0.3333 0 0.4275 0.5725
ID295 2 2 4 224 44 0.3333 0.3333 0.3333 0 0 1
ID296 2 1 2 212 34 0.3333 0.3333 0.3333 1 0 0
ID297 1 1 2 112 34 0.3333 0.3333 0.3333 1 0 0
ID298 3 2 2 322 41 0.3333 0.3333 0.3333 0 0.4275 0.5725
ID299 1 1 1 111 47 0.3333 0.3333 0.3333 0.5822 0.4178 0
ID3 3 1 3 313 40 0.3333 0.3333 0.3333 0.5822 0.4178 0
ID30 2 1 1 211 52 0.3333 0.3333 0.3333 0.5822 0.4178 0
ID300 1 1 4 114 45 0.3333 0.3333 0.3333 0.4752 0 0.5248
ID301 2 2 4 224 44 0.3333 0.3333 0.3333 0 0 1
ID302 1 2 3 123 44 0.3333 0.3333 0.3333 0.4752 0 0.5248
ID303 2 1 3 213 55 0.3333 0.3333 0.3333 1 0 0
ID304 2 2 3 223 44 0.3333 0.3333 0.3333 0.5248 0 0.4752
ID305 2 2 2 222 30 0.3333 0.3333 0.3333 0 0 1
ID306 2 2 3 223 44 0.3333 0.3333 0.3333 0.5248 0 0.4752
ID307 3 1 2 312 41 0.3333 0.3333 0.3333 0.5822 0.4178 0
ID308 3 1 1 311 39 0.3333 0.3333 0.3333 0 1 0
ID309 3 1 1 311 39 0.3333 0.3333 0.3333 0 1 0
ID31 1 1 4 114 45 0.3333 0.3333 0.3333 0.4752 0 0.5248
ID310 3 2 4 324 54 0.3333 0.3333 0.3333 0 0.4275 0.5725
ID311 1 2 3 123 44 0.3333 0.3333 0.3333 0.4752 0 0.5248
ID312 3 1 3 313 40 0.3333 0.3333 0.3333 0.5822 0.4178 0
ID313 3 2 4 324 54 0.3333 0.3333 0.3333 0 0.4275 0.5725
ID314 3 2 4 324 54 0.3333 0.3333 0.3333 0 0.4275 0.5725
ID315 2 2 3 223 44 0.3333 0.3333 0.3333 0.5248 0 0.4752
ID316 3 1 2 312 41 0.3333 0.3333 0.3333 0.5822 0.4178 0
ID317 3 1 1 311 39 0.3333 0.3333 0.3333 0 1 0
ID318 3 1 1 311 39 0.3333 0.3333 0.3333 0 1 0
ID319 1 1 1 111 47 0.3333 0.3333 0.3333 0.5822 0.4178 0
ID32 3 2 1 321 41 0.3333 0.3333 0.3333 0 1 0
ID320 1 2 1 121 50 0.3333 0.3333 0.3333 0 0.4275 0.5725
ID321 3 2 1 321 41 0.3333 0.3333 0.3333 0 1 0
ID322 2 1 4 214 46 0.3333 0.3333 0.3333 0.5248 0 0.4752
ID323 3 1 4 314 40 0.3333 0.3333 0.3333 0.0342 0.6325 0.3333
ID324 2 2 2 222 30 0.3333 0.3333 0.3333 0 0 1
ID325 1 1 1 111 47 0.3333 0.3333 0.3333 0.5822 0.4178 0
ID326 2 2 2 222 30 0.3333 0.3333 0.3333 0 0 1
ID327 2 2 2 222 30 0.3333 0.3333 0.3333 0 0 1
ID328 2 1 3 213 55 0.3333 0.3333 0.3333 1 0 0
ID329 1 2 1 121 50 0.3333 0.3333 0.3333 0 0.4275 0.5725
ID33 3 1 3 313 40 0.3333 0.3333 0.3333 0.5822 0.4178 0
ID330 1 1 3 113 40 0.3333 0.3333 0.3333 1 0 0
ID331 1 2 3 123 44 0.3333 0.3333 0.3333 0.4752 0 0.5248
ID332 3 2 1 321 41 0.3333 0.3333 0.3333 0 1 0
ID333 3 2 2 322 41 0.3333 0.3333 0.3333 0 0.4275 0.5725
ID334 1 1 4 114 45 0.3333 0.3333 0.3333 0.4752 0 0.5248
ID335 1 2 3 123 44 0.3333 0.3333 0.3333 0.4752 0 0.5248
ID336 3 1 2 312 41 0.3333 0.3333 0.3333 0.5822 0.4178 0
ID337 1 2 1 121 50 0.3333 0.3333 0.3333 0 0.4275 0.5725
ID338 3 1 3 313 40 0.3333 0.3333 0.3333 0.5822 0.4178 0
ID339 2 1 2 212 34 0.3333 0.3333 0.3333 1 0 0
ID34 1 1 4 114 45 0.3333 0.3333 0.3333 0.4752 0 0.5248
ID340 1 2 1 121 50 0.3333 0.3333 0.3333 0 0.4275 0.5725
ID341 1 1 3 113 40 0.3333 0.3333 0.3333 1 0 0
ID342 3 1 1 311 39 0.3333 0.3333 0.3333 0 1 0
ID343 2 1 2 212 34 0.3333 0.3333 0.3333 1 0 0
ID344 3 2 2 322 41 0.3333 0.3333 0.3333 0 0.4275 0.5725
ID345 2 1 4 214 46 0.3333 0.3333 0.3333 0.5248 0 0.4752
ID346 1 1 4 114 45 0.3333 0.3333 0.3333 0.4752 0 0.5248
ID347 2 1 4 214 46 0.3333 0.3333 0.3333 0.5248 0 0.4752
ID348 3 2 4 324 54 0.3333 0.3333 0.3333 0 0.4275 0.5725
ID349 2 1 1 211 52 0.3333 0.3333 0.3333 0.5822 0.4178 0
ID35 3 1 3 313 40 0.3333 0.3333 0.3333 0.5822 0.4178 0
ID350 3 2 4 324 54 0.3333 0.3333 0.3333 0 0.4275 0.5725
ID351 3 1 4 314 40 0.3333 0.3333 0.3333 0.0342 0.6325 0.3333
ID352 1 1 3 113 40 0.3333 0.3333 0.3333 1 0 0
ID353 2 1 1 211 52 0.3333 0.3333 0.3333 0.5822 0.4178 0
ID354 1 1 3 113 40 0.3333 0.3333 0.3333 1 0 0
ID355 2 1 2 212 34 0.3333 0.3333 0.3333 1 0 0
ID356 2 1 3 213 55 0.3333 0.3333 0.3333 1 0 0
ID357 2 1 3 213 55 0.3333 0.3333 0.3333 1 0 0
ID358 2 2 3 223 44 0.3333 0.3333 0.3333 0.5248 0 0.4752
ID359 1 2 1 121 50 0.3333 0.3333 0.3333 0 0.4275 0.5725
ID36 2 1 1 211 52 0.3333 0.3333 0.3333 0.5822 0.4178 0
ID360 2 1 4 214 46 0.3333 0.3333 0.3333 0.5248 0 0.4752
ID361 1 2 1 121 50 0.3333 0.3333 0.3333 0 0.4275 0.5725
ID362 2 1 4 214 46 0.3333 0.3333 0.3333 0.5248 0 0.4752
ID363 1 1 1 111 47 0.3333 0.3333 0.3333 0.5822 0.4178 0
ID364 3 1 4 314 40 0.3333 0.3333 0.3333 0.0342 0.6325 0.3333
ID365 2 1 1 211 52 0.3333 0.3333 0.3333 0.5822 0.4178 0
ID366 1 2 2 122 40 0.3333 0.3333 0.3333 0 0 1
ID367 3 2 2 322 41 0.3333 0.3333 0.3333 0 0.4275 0.5725
ID368 2 2 1 221 26 0.3333 0.3333 0.3333 0 0.4275 0.5725
ID369 3 1 4 314 40 0.3333 0.3333 0.3333 0.0342 0.6325 0.3333
ID37 1 1 2 112 34 0.3333 0.3333 0.3333 1 0 0
ID370 2 1 1 211 52 0.3333 0.3333 0.3333 0.5822 0.4178 0
ID371 3 2 4 324 54 0.3333 0.3333 0.3333 0 0.4275 0.5725
ID372 3 1 2 312 41 0.3333 0.3333 0.3333 0.5822 0.4178 0
ID373 1 1 1 111 47 0.3333 0.3333 0.3333 0.5822 0.4178 0
ID374 2 1 3 213 55 0.3333 0.3333 0.3333 1 0 0
ID375 3 1 2 312 41 0.3333 0.3333 0.3333 0.5822 0.4178 0
ID376 1 2 1 121 50 0.3333 0.3333 0.3333 0 0.4275 0.5725
ID377 1 1 1 111 47 0.3333 0.3333 0.3333 0.5822 0.4178 0
ID378 3 2 2 322 41 0.3333 0.3333 0.3333 0 0.4275 0.5725
ID379 2 2 1 221 26 0.3333 0.3333 0.3333 0 0.4275 0.5725
ID38 3 2 1 321 41 0.3333 0.3333 0.3333 0 1 0
ID380 3 2 3 323 47 0.3333 0.3333 0.3333 0.3333 0.6667 0
ID381 2 2 3 223 44 0.3333 0.3333 0.3333 0.5248 0 0.4752
ID382 2 2 4 224 44 0.3333 0.3333 0.3333 0 0 1
ID383 2 1 4 214 46 0.3333 0.3333 0.3333 0.5248 0 0.4752
ID384 1 2 1 121 50 0.3333 0.3333 0.3333 0 0.4275 0.5725
ID385 2 1 3 213 55 0.3333 0.3333 0.3333 1 0 0
ID386 1 1 4 114 45 0.3333 0.3333 0.3333 0.4752 0 0.5248
ID387 1 2 4 124 26 0.3333 0.3333 0.3333 0 0 1
ID388 1 1 1 111 47 0.3333 0.3333 0.3333 0.5822 0.4178 0
ID389 2 2 3 223 44 0.3333 0.3333 0.3333 0.5248 0 0.4752
ID39 1 2 4 124 26 0.3333 0.3333 0.3333 0 0 1
ID390 2 1 3 213 55 0.3333 0.3333 0.3333 1 0 0
ID391 3 1 2 312 41 0.3333 0.3333 0.3333 0.5822 0.4178 0
ID392 3 1 2 312 41 0.3333 0.3333 0.3333 0.5822 0.4178 0
ID393 1 1 2 112 34 0.3333 0.3333 0.3333 1 0 0
ID394 2 2 4 224 44 0.3333 0.3333 0.3333 0 0 1
ID395 2 2 4 224 44 0.3333 0.3333 0.3333 0 0 1
ID396 3 2 3 323 47 0.3333 0.3333 0.3333 0.3333 0.6667 0
ID397 3 2 3 323 47 0.3333 0.3333 0.3333 0.3333 0.6667 0
ID398 3 2 3 323 47 0.3333 0.3333 0.3333 0.3333 0.6667 0
ID399 3 2 1 321 41 0.3333 0.3333 0.3333 0 1 0
ID4 2 2 3 223 44 0.3333 0.3333 0.3333 0.5248 0 0.4752
ID40 1 1 1 111 47 0.3333 0.3333 0.3333 0.5822 0.4178 0
ID400 2 1 3 213 55 0.3333 0.3333 0.3333 1 0 0
ID401 1 2 2 122 40 0.3333 0.3333 0.3333 0 0 1
ID402 1 1 1 111 47 0.3333 0.3333 0.3333 0.5822 0.4178 0
ID403 3 2 4 324 54 0.3333 0.3333 0.3333 0 0.4275 0.5725
ID404 1 2 3 123 44 0.3333 0.3333 0.3333 0.4752 0 0.5248
ID405 2 1 4 214 46 0.3333 0.3333 0.3333 0.5248 0 0.4752
ID406 2 2 4 224 44 0.3333 0.3333 0.3333 0 0 1
ID407 3 1 1 311 39 0.3333 0.3333 0.3333 0 1 0
ID408 2 1 4 214 46 0.3333 0.3333 0.3333 0.5248 0 0.4752
ID409 1 2 3 123 44 0.3333 0.3333 0.3333 0.4752 0 0.5248
ID41 2 1 4 214 46 0.3333 0.3333 0.3333 0.5248 0 0.4752
ID410 3 2 3 323 47 0.3333 0.3333 0.3333 0.3333 0.6667 0
ID411 1 1 1 111 47 0.3333 0.3333 0.3333 0.5822 0.4178 0
ID412 1 1 1 111 47 0.3333 0.3333 0.3333 0.5822 0.4178 0
ID413 3 2 4 324 54 0.3333 0.3333 0.3333 0 0.4275 0.5725
ID414 2 1 1 211 52 0.3333 0.3333 0.3333 0.5822 0.4178 0
ID415 1 2 4 124 26 0.3333 0.3333 0.3333 0 0 1
ID416 1 2 1 121 50 0.3333 0.3333 0.3333 0 0.4275 0.5725
ID417 2 1 3 213 55 0.3333 0.3333 0.3333 1 0 0
ID418 2 2 4 224 44 0.3333 0.3333 0.3333 0 0 1
ID419 2 1 2 212 34 0.3333 0.3333 0.3333 1 0 0
ID42 3 1 2 312 41 0.3333 0.3333 0.3333 0.5822 0.4178 0
ID420 2 1 1 211 52 0.3333 0.3333 0.3333 0.5822 0.4178 0
ID421 1 2 2 122 40 0.3333 0.3333 0.3333 0 0 1
ID422 3 2 1 321 41 0.3333 0.3333 0.3333 0 1 0
ID423 3 2 3 323 47 0.3333 0.3333 0.3333 0.3333 0.6667 0
ID424 2 1 1 211 52 0.3333 0.3333 0.3333 0.5822 0.4178 0
ID425 3 2 4 324 54 0.3333 0.3333 0.3333 0 0.4275 0.5725
ID426 3 1 1 311 39 0.3333 0.3333 0.3333 0 1 0
ID427 3 1 4 314 40 0.3333 0.3333 0.3333 0.0342 0.6325 0.3333
ID428 2 2 2 222 30 0.3333 0.3333 0.3333 0 0 1
ID429 3 1 4 314 40 0.3333 0.3333 0.3333 0.0342 0.6325 0.3333
ID43 3 2 2 322 41 0.3333 0.3333 0.3333 0 0.4275 0.5725
ID430 3 1 4 314 40 0.3333 0.3333 0.3333 0.0342 0.6325 0.3333
ID431 2 2 2 222 30 0.3333 0.3333 0.3333 0 0 1
ID432 2 1 4 214 46 0.3333 0.3333 0.3333 0.5248 0 0.4752
ID433 3 1 1 311 39 0.3333 0.3333 0.3333 0 1 0
ID434 2 2 3 223 44 0.3333 0.3333 0.3333 0.5248 0 0.4752
ID435 3 1 4 314 40 0.3333 0.3333 0.3333 0.0342 0.6325 0.3333
ID436 2 1 3 213 55 0.3333 0.3333 0.3333 1 0 0
ID437 2 2 3 223 44 0.3333 0.3333 0.3333 0.5248 0 0.4752
ID438 1 1 1 111 47 0.3333 0.3333 0.3333 0.5822 0.4178 0
ID439 2 1 3 213 55 0.3333 0.3333 0.3333 1 0 0
ID44 1 2 3 123 44 0.3333 0.3333 0.3333 0.4752 0 0.5248
ID440 3 2 4 324 54 0.3333 0.3333 0.3333 0 0.4275 0.5725
ID441 1 2 1 121 50 0.3333 0.3333 0.3333 0 0.4275 0.5725
ID442 1 2 2 122 40 0.3333 0.3333 0.3333 0 0 1
ID443 3 2 1 321 41 0.3333 0.3333 0.3333 0 1 0
ID444 2 1 2 212 34 0.3333 0.3333 0.3333 1 0 0
ID445 1 2 1 121 50 0.3333 0.3333 0.3333 0 0.4275 0.5725
ID446 1 1 4 114 45 0.3333 0.3333 0.3333 0.4752 0 0.5248
ID447 3 1 3 313 40 0.3333 0.3333 0.3333 0.5822 0.4178 0
ID448 3 2 2 322 41 0.3333 0.3333 0.3333 0 0.4275 0.5725
ID449 3 1 2 312 41 0.3333 0.3333 0.3333 0.5822 0.4178 0
ID45 3 2 4 324 54 0.3333 0.3333 0.3333 0 0.4275 0.5725
ID450 1 1 4 114 45 0.3333 0.3333 0.3333 0.4752 0 0.5248
ID451 2 2 2 222 30 0.3333 0.3333 0.3333 0 0 1
ID452 2 2 3 223 44 0.3333 0.3333 0.3333 0.5248 0 0.4752
ID453 3 2 3 323 47 0.3333 0.3333 0.3333 0.3333 0.6667 0
ID454 3 2 4 324 54 0.3333 0.3333 0.3333 0 0.4275 0.5725
ID455 3 1 4 314 40 0.3333 0.3333 0.3333 0.0342 0.6325 0.3333
ID456 3 1 2 312 41 0.3333 0.3333 0.3333 0.5822 0.4178 0
ID457 2 1 3 213 55 0.3333 0.3333 0.3333 1 0 0
ID458 1 1 2 112 34 0.3333 0.3333 0.3333 1 0 0
ID459 3 2 3 323 47 0.3333 0.3333 0.3333 0.3333 0.6667 0
ID46 1 1 2 112 34 0.3333 0.3333 0.3333 1 0 0
ID460 2 1 1 211 52 0.3333 0.3333 0.3333 0.5822 0.4178 0
ID461 1 1 3 113 40 0.3333 0.3333 0.3333 1 0 0
ID462 3 1 1 311 39 0.3333 0.3333 0.3333 0 1 0
ID463 3 2 1 321 41 0.3333 0.3333 0.3333 0 1 0
ID464 3 2 2 322 41 0.3333 0.3333 0.3333 0 0.4275 0.5725
ID465 2 1 1 211 52 0.3333 0.3333 0.3333 0.5822 0.4178 0
ID466 1 2 1 121 50 0.3333 0.3333 0.3333 0 0.4275 0.5725
ID467 2 1 2 212 34 0.3333 0.3333 0.3333 1 0 0
ID468 3 1 4 314 40 0.3333 0.3333 0.3333 0.0342 0.6325 0.3333
ID469 1 2 1 121 50 0.3333 0.3333 0.3333 0 0.4275 0.5725
ID47 3 1 2 312 41 0.3333 0.3333 0.3333 0.5822 0.4178 0
ID470 2 2 3 223 44 0.3333 0.3333 0.3333 0.5248 0 0.4752
ID471 1 1 4 114 45 0.3333 0.3333 0.3333 0.4752 0 0.5248
ID472 2 1 2 212 34 0.3333 0.3333 0.3333 1 0 0
ID473 2 1 2 212 34 0.3333 0.3333 0.3333 1 0 0
ID474 3 2 3 323 47 0.3333 0.3333 0.3333 0.3333 0.6667 0
ID475 2 2 2 222 30 0.3333 0.3333 0.3333 0 0 1
ID476 2 1 1 211 52 0.3333 0.3333 0.3333 0.5822 0.4178 0
ID477 2 2 3 223 44 0.3333 0.3333 0.3333 0.5248 0 0.4752
ID478 2 2 3 223 44 0.3333 0.3333 0.3333 0.5248 0 0.4752
ID479 2 2 1 221 26 0.3333 0.3333 0.3333 0 0.4275 0.5725
ID48 2 2 3 223 44 0.3333 0.3333 0.3333 0.5248 0 0.4752
ID480 3 2 4 324 54 0.3333 0.3333 0.3333 0 0.4275 0.5725
ID481 1 1 4 114 45 0.3333 0.3333 0.3333 0.4752 0 0.5248
ID482 1 2 1 121 50 0.3333 0.3333 0.3333 0 0.4275 0.5725
ID483 3 1 3 313 40 0.3333 0.3333 0.3333 0.5822 0.4178 0
ID484 3 2 4 324 54 0.3333 0.3333 0.3333 0 0.4275 0.5725
ID485 3 1 4 314 40 0.3333 0.3333 0.3333 0.0342 0.6325 0.3333
ID486 3 2 1 321 41 0.3333 0.3333 0.3333 0 1 0
ID487 2 1 1 211 52 0.3333 0.3333 0.3333 0.5822 0.4178 0
ID488 1 1 4 114 45 0.3333 0.3333 0.3333 0.4752 0 0.5248
ID489 1 2 1 121 50 0.3333 0.3333 0.3333 0 0.4275 0.5725
ID49 1 1 2 112 34 0.3333 0.3333 0.3333 1 0 0
ID490 3 1 3 313 40 0.3333 0.3333 0.3333 0.5822 0.4178 0
ID491 2 2 2 222 30 0.3333 0.3333 0.3333 0 0 1
ID492 2 1 1 211 52 0.3333 0.3333 0.3333 0.5822 0.4178 0
ID493 3 2 1 321 41 0.3333 0.3333 0.3333 0 1 0
ID494 1 1 3 113 40 0.3333 0.3333 0.3333 1 0 0
ID495 3 2 1 321 41 0.3333 0.3333 0.3333 0 1 0
ID496 3 2 1 321 41 0.3333 0.3333 0.3333 0 1 0
ID497 1 1 4 114 45 0.3333 0.3333 0.3333 0.4752 0 0.5248
ID498 1 2 1 121 50 0.3333 0.3333 0.3333 0 0.4275 0.5725
ID499 3 2 4 324 54 0.3333 0.3333 0.3333 0 0.4275 0.5725
ID5 3 2 2 322 41 0.3333 0.3333 0.3333 0 0.4275 0.5725
ID50 2 2 1 221 26 0.3333 0.3333 0.3333 0 0.4275 0.5725
ID500 3 1 4 314 40 0.3333 0.3333 0.3333 0.0342 0.6325 0.3333
ID501 2 1 4 214 46 0.3333 0.3333 0.3333 0.5248 0 0.4752
ID502 2 1 1 211 52 0.3333 0.3333 0.3333 0.5822 0.4178 0
ID503 3 1 4 314 40 0.3333 0.3333 0.3333 0.0342 0.6325 0.3333
ID504 2 1 1 211 52 0.3333 0.3333 0.3333 0.5822 0.4178 0
ID505 3 2 2 322 41 0.3333 0.3333 0.3333 0 0.4275 0.5725
ID506 3 2 4 324 54 0.3333 0.3333 0.3333 0 0.4275 0.5725
ID507 2 1 3 213 55 0.3333 0.3333 0.3333 1 0 0
ID508 3 1 3 313 40 0.3333 0.3333 0.3333 0.5822 0.4178 0
ID509 3 1 1 311 39 0.3333 0.3333 0.3333 0 1 0
ID51 1 1 4 114 45 0.3333 0.3333 0.3333 0.4752 0 0.5248
ID510 1 2 4 124 26 0.3333 0.3333 0.3333 0 0 1
ID511 3 1 4 314 40 0.3333 0.3333 0.3333 0.0342 0.6325 0.3333
ID512 1 1 1 111 47 0.3333 0.3333 0.3333 0.5822 0.4178 0
ID513 2 2 3 223 44 0.3333 0.3333 0.3333 0.5248 0 0.4752
ID514 1 2 2 122 40 0.3333 0.3333 0.3333 0 0 1
ID515 3 2 4 324 54 0.3333 0.3333 0.3333 0 0.4275 0.5725
ID516 3 1 1 311 39 0.3333 0.3333 0.3333 0 1 0
ID517 2 1 3 213 55 0.3333 0.3333 0.3333 1 0 0
ID518 2 1 4 214 46 0.3333 0.3333 0.3333 0.5248 0 0.4752
ID519 1 2 2 122 40 0.3333 0.3333 0.3333 0 0 1
ID52 1 1 1 111 47 0.3333 0.3333 0.3333 0.5822 0.4178 0
ID520 2 1 2 212 34 0.3333 0.3333 0.3333 1 0 0
ID521 3 2 3 323 47 0.3333 0.3333 0.3333 0.3333 0.6667 0
ID522 3 1 2 312 41 0.3333 0.3333 0.3333 0.5822 0.4178 0
ID523 3 1 4 314 40 0.3333 0.3333 0.3333 0.0342 0.6325 0.3333
ID524 2 2 1 221 26 0.3333 0.3333 0.3333 0 0.4275 0.5725
ID525 1 2 1 121 50 0.3333 0.3333 0.3333 0 0.4275 0.5725
ID526 2 2 1 221 26 0.3333 0.3333 0.3333 0 0.4275 0.5725
ID527 3 1 1 311 39 0.3333 0.3333 0.3333 0 1 0
ID528 2 2 1 221 26 0.3333 0.3333 0.3333 0 0.4275 0.5725
ID529 3 2 2 322 41 0.3333 0.3333 0.3333 0 0.4275 0.5725
ID53 3 1 1 311 39 0.3333 0.3333 0.3333 0 1 0
ID530 3 2 4 324 54 0.3333 0.3333 0.3333 0 0.4275 0.5725
ID531 1 2 1 121 50 0.3333 0.3333 0.3333 0 0.4275 0.5725
ID532 2 1 3 213 55 0.3333 0.3333 0.3333 1 0 0
ID533 2 2 1 221 26 0.3333 0.3333 0.3333 0 0.4275 0.5725
ID534 2 2 3 223 44 0.3333 0.3333 0.3333 0.5248 0 0.4752
ID535 2 1 4 214 46 0.3333 0.3333 0.3333 0.5248 0 0.4752
ID536 2 2 4 224 44 0.3333 0.3333 0.3333 0 0 1
ID537 1 2 2 122 40 0.3333 0.3333 0.3333 0 0 1
ID538 1 2 3 123 44 0.3333 0.3333 0.3333 0.4752 0 0.5248
ID539 3 2 4 324 54 0.3333 0.3333 0.3333 0 0.4275 0.5725
ID54 1 2 3 123 44 0.3333 0.3333 0.3333 0.4752 0 0.5248
ID540 1 1 1 111 47 0.3333 0.3333 0.3333 0.5822 0.4178 0
ID541 3 1 3 313 40 0.3333 0.3333 0.3333 0.5822 0.4178 0
ID542 3 1 2 312 41 0.3333 0.3333 0.3333 0.5822 0.4178 0
ID543 2 2 1 221 26 0.3333 0.3333 0.3333 0 0.4275 0.5725
ID544 3 1 3 313 40 0.3333 0.3333 0.3333 0.5822 0.4178 0
ID545 2 1 2 212 34 0.3333 0.3333 0.3333 1 0 0
ID546 1 2 3 123 44 0.3333 0.3333 0.3333 0.4752 0 0.5248
ID547 1 2 3 123 44 0.3333 0.3333 0.3333 0.4752 0 0.5248
ID548 2 1 2 212 34 0.3333 0.3333 0.3333 1 0 0
ID549 1 1 1 111 47 0.3333 0.3333 0.3333 0.5822 0.4178 0
ID55 2 2 4 224 44 0.3333 0.3333 0.3333 0 0 1
ID550 3 1 4 314 40 0.3333 0.3333 0.3333 0.0342 0.6325 0.3333
ID551 2 2 1 221 26 0.3333 0.3333 0.3333 0 0.4275 0.5725
ID552 2 2 1 221 26 0.3333 0.3333 0.3333 0 0.4275 0.5725
ID553 3 2 2 322 41 0.3333 0.3333 0.3333 0 0.4275 0.5725
ID554 1 1 4 114 45 0.3333 0.3333 0.3333 0.4752 0 0.5248
ID555 1 2 1 121 50 0.3333 0.3333 0.3333 0 0.4275 0.5725
ID556 2 2 2 222 30 0.3333 0.3333 0.3333 0 0 1
ID557 3 2 1 321 41 0.3333 0.3333 0.3333 0 1 0
ID558 1 2 2 122 40 0.3333 0.3333 0.3333 0 0 1
ID559 1 2 4 124 26 0.3333 0.3333 0.3333 0 0 1
ID56 1 1 2 112 34 0.3333 0.3333 0.3333 1 0 0
ID560 3 2 3 323 47 0.3333 0.3333 0.3333 0.3333 0.6667 0
ID561 3 2 3 323 47 0.3333 0.3333 0.3333 0.3333 0.6667 0
ID562 2 1 3 213 55 0.3333 0.3333 0.3333 1 0 0
ID563 1 1 4 114 45 0.3333 0.3333 0.3333 0.4752 0 0.5248
ID564 3 1 1 311 39 0.3333 0.3333 0.3333 0 1 0
ID565 3 1 1 311 39 0.3333 0.3333 0.3333 0 1 0
ID566 3 1 2 312 41 0.3333 0.3333 0.3333 0.5822 0.4178 0
ID567 1 2 1 121 50 0.3333 0.3333 0.3333 0 0.4275 0.5725
ID568 3 1 2 312 41 0.3333 0.3333 0.3333 0.5822 0.4178 0
ID569 3 1 1 311 39 0.3333 0.3333 0.3333 0 1 0
ID57 1 1 4 114 45 0.3333 0.3333 0.3333 0.4752 0 0.5248
ID570 1 1 1 111 47 0.3333 0.3333 0.3333 0.5822 0.4178 0
ID571 2 1 1 211 52 0.3333 0.3333 0.3333 0.5822 0.4178 0
ID572 1 1 2 112 34 0.3333 0.3333 0.3333 1 0 0
ID573 2 1 2 212 34 0.3333 0.3333 0.3333 1 0 0
ID574 2 1 4 214 46 0.3333 0.3333 0.3333 0.5248 0 0.4752
ID575 1 1 4 114 45 0.3333 0.3333 0.3333 0.4752 0 0.5248
ID576 3 2 4 324 54 0.3333 0.3333 0.3333 0 0.4275 0.5725
ID577 1 1 3 113 40 0.3333 0.3333 0.3333 1 0 0
ID578 2 1 4 214 46 0.3333 0.3333 0.3333 0.5248 0 0.4752
ID579 2 1 3 213 55 0.3333 0.3333 0.3333 1 0 0
ID58 3 1 3 313 40 0.3333 0.3333 0.3333 0.5822 0.4178 0
ID580 1 1 4 114 45 0.3333 0.3333 0.3333 0.4752 0 0.5248
ID581 2 1 3 213 55 0.3333 0.3333 0.3333 1 0 0
ID582 1 1 1 111 47 0.3333 0.3333 0.3333 0.5822 0.4178 0
ID583 1 1 1 111 47 0.3333 0.3333 0.3333 0.5822 0.4178 0
ID584 2 2 2 222 30 0.3333 0.3333 0.3333 0 0 1
ID585 2 2 1 221 26 0.3333 0.3333 0.3333 0 0.4275 0.5725
ID586 2 1 4 214 46 0.3333 0.3333 0.3333 0.5248 0 0.4752
ID587 2 1 1 211 52 0.3333 0.3333 0.3333 0.5822 0.4178 0
ID588 3 2 1 321 41 0.3333 0.3333 0.3333 0 1 0
ID589 1 1 4 114 45 0.3333 0.3333 0.3333 0.4752 0 0.5248
ID59 1 2 4 124 26 0.3333 0.3333 0.3333 0 0 1
ID590 1 1 2 112 34 0.3333 0.3333 0.3333 1 0 0
ID591 1 2 1 121 50 0.3333 0.3333 0.3333 0 0.4275 0.5725
ID592 1 1 1 111 47 0.3333 0.3333 0.3333 0.5822 0.4178 0
ID593 3 2 1 321 41 0.3333 0.3333 0.3333 0 1 0
ID594 2 1 1 211 52 0.3333 0.3333 0.3333 0.5822 0.4178 0
ID595 1 2 3 123 44 0.3333 0.3333 0.3333 0.4752 0 0.5248
ID596 1 1 2 112 34 0.3333 0.3333 0.3333 1 0 0
ID597 3 1 2 312 41 0.3333 0.3333 0.3333 0.5822 0.4178 0
ID598 3 2 1 321 41 0.3333 0.3333 0.3333 0 1 0
ID599 1 2 4 124 26 0.3333 0.3333 0.3333 0 0 1
ID6 2 2 4 224 44 0.3333 0.3333 0.3333 0 0 1
ID60 2 1 4 214 46 0.3333 0.3333 0.3333 0.5248 0 0.4752
ID600 1 1 2 112 34 0.3333 0.3333 0.3333 1 0 0
ID601 2 2 4 224 44 0.3333 0.3333 0.3333 0 0 1
ID602 3 1 2 312 41 0.3333 0.3333 0.3333 0.5822 0.4178 0
ID603 1 2 1 121 50 0.3333 0.3333 0.3333 0 0.4275 0.5725
ID604 1 2 3 123 44 0.3333 0.3333 0.3333 0.4752 0 0.5248
ID605 3 1 3 313 40 0.3333 0.3333 0.3333 0.5822 0.4178 0
ID606 1 2 2 122 40 0.3333 0.3333 0.3333 0 0 1
ID607 2 1 4 214 46 0.3333 0.3333 0.3333 0.5248 0 0.4752
ID608 2 1 3 213 55 0.3333 0.3333 0.3333 1 0 0
ID609 3 2 2 322 41 0.3333 0.3333 0.3333 0 0.4275 0.5725
ID61 1 2 3 123 44 0.3333 0.3333 0.3333 0.4752 0 0.5248
ID610 1 1 1 111 47 0.3333 0.3333 0.3333 0.5822 0.4178 0
ID611 3 1 1 311 39 0.3333 0.3333 0.3333 0 1 0
ID612 1 2 3 123 44 0.3333 0.3333 0.3333 0.4752 0 0.5248
ID613 3 1 4 314 40 0.3333 0.3333 0.3333 0.0342 0.6325 0.3333
ID614 3 1 2 312 41 0.3333 0.3333 0.3333 0.5822 0.4178 0
ID615 1 2 2 122 40 0.3333 0.3333 0.3333 0 0 1
ID616 3 2 4 324 54 0.3333 0.3333 0.3333 0 0.4275 0.5725
ID617 3 2 4 324 54 0.3333 0.3333 0.3333 0 0.4275 0.5725
ID618 3 1 3 313 40 0.3333 0.3333 0.3333 0.5822 0.4178 0
ID619 3 1 3 313 40 0.3333 0.3333 0.3333 0.5822 0.4178 0
ID62 3 2 2 322 41 0.3333 0.3333 0.3333 0 0.4275 0.5725
ID620 3 1 4 314 40 0.3333 0.3333 0.3333 0.0342 0.6325 0.3333
ID621 2 1 3 213 55 0.3333 0.3333 0.3333 1 0 0
ID622 3 2 2 322 41 0.3333 0.3333 0.3333 0 0.4275 0.5725
ID623 2 2 4 224 44 0.3333 0.3333 0.3333 0 0 1
ID624 3 2 1 321 41 0.3333 0.3333 0.3333 0 1 0
ID625 2 2 2 222 30 0.3333 0.3333 0.3333 0 0 1
ID626 1 2 1 121 50 0.3333 0.3333 0.3333 0 0.4275 0.5725
ID627 1 2 3 123 44 0.3333 0.3333 0.3333 0.4752 0 0.5248
ID628 3 1 4 314 40 0.3333 0.3333 0.3333 0.0342 0.6325 0.3333
ID629 1 2 3 123 44 0.3333 0.3333 0.3333 0.4752 0 0.5248
ID63 1 2 2 122 40 0.3333 0.3333 0.3333 0 0 1
ID630 2 2 2 222 30 0.3333 0.3333 0.3333 0 0 1
ID631 1 2 1 121 50 0.3333 0.3333 0.3333 0 0.4275 0.5725
ID632 2 1 4 214 46 0.3333 0.3333 0.3333 0.5248 0 0.4752
ID633 2 2 1 221 26 0.3333 0.3333 0.3333 0 0.4275 0.5725
ID634 1 1 4 114 45 0.3333 0.3333 0.3333 0.4752 0 0.5248
ID635 1 2 1 121 50 0.3333 0.3333 0.3333 0 0.4275 0.5725
ID636 2 1 4 214 46 0.3333 0.3333 0.3333 0.5248 0 0.4752
ID637 3 2 3 323 47 0.3333 0.3333 0.3333 0.3333 0.6667 0
ID638 1 1 2 112 34 0.3333 0.3333 0.3333 1 0 0
ID639 2 1 3 213 55 0.3333 0.3333 0.3333 1 0 0
ID64 3 1 2 312 41 0.3333 0.3333 0.3333 0.5822 0.4178 0
ID640 1 1 1 111 47 0.3333 0.3333 0.3333 0.5822 0.4178 0
ID641 2 1 3 213 55 0.3333 0.3333 0.3333 1 0 0
ID642 3 2 4 324 54 0.3333 0.3333 0.3333 0 0.4275 0.5725
ID643 2 1 1 211 52 0.3333 0.3333 0.3333 0.5822 0.4178 0
ID644 2 2 2 222 30 0.3333 0.3333 0.3333 0 0 1
ID645 3 2 3 323 47 0.3333 0.3333 0.3333 0.3333 0.6667 0
ID646 1 2 4 124 26 0.3333 0.3333 0.3333 0 0 1
ID647 2 2 2 222 30 0.3333 0.3333 0.3333 0 0 1
ID648 3 1 4 314 40 0.3333 0.3333 0.3333 0.0342 0.6325 0.3333
ID649 3 1 3 313 40 0.3333 0.3333 0.3333 0.5822 0.4178 0
ID65 2 2 4 224 44 0.3333 0.3333 0.3333 0 0 1
ID650 1 1 1 111 47 0.3333 0.3333 0.3333 0.5822 0.4178 0
ID651 3 2 3 323 47 0.3333 0.3333 0.3333 0.3333 0.6667 0
ID652 1 1 4 114 45 0.3333 0.3333 0.3333 0.4752 0 0.5248
ID653 1 1 3 113 40 0.3333 0.3333 0.3333 1 0 0
ID654 3 2 2 322 41 0.3333 0.3333 0.3333 0 0.4275 0.5725
ID655 1 1 3 113 40 0.3333 0.3333 0.3333 1 0 0
ID656 1 1 3 113 40 0.3333 0.3333 0.3333 1 0 0
ID657 3 2 4 324 54 0.3333 0.3333 0.3333 0 0.4275 0.5725
ID658 1 1 1 111 47 0.3333 0.3333 0.3333 0.5822 0.4178 0
ID659 1 2 3 123 44 0.3333 0.3333 0.3333 0.4752 0 0.5248
ID66 3 2 4 324 54 0.3333 0.3333 0.3333 0 0.4275 0.5725
ID660 1 1 1 111 47 0.3333 0.3333 0.3333 0.5822 0.4178 0
ID661 2 2 4 224 44 0.3333 0.3333 0.3333 0 0 1
ID662 2 1 3 213 55 0.3333 0.3333 0.3333 1 0 0
ID663 2 2 2 222 30 0.3333 0.3333 0.3333 0 0 1
ID664 2 2 4 224 44 0.3333 0.3333 0.3333 0 0 1
ID665 3 1 2 312 41 0.3333 0.3333 0.3333 0.5822 0.4178 0
ID666 3 2 4 324 54 0.3333 0.3333 0.3333 0 0.4275 0.5725
ID667 2 1 3 213 55 0.3333 0.3333 0.3333 1 0 0
ID668 1 1 1 111 47 0.3333 0.3333 0.3333 0.5822 0.4178 0
ID669 3 1 1 311 39 0.3333 0.3333 0.3333 0 1 0
ID67 2 1 1 211 52 0.3333 0.3333 0.3333 0.5822 0.4178 0
ID670 1 2 4 124 26 0.3333 0.3333 0.3333 0 0 1
ID671 3 2 3 323 47 0.3333 0.3333 0.3333 0.3333 0.6667 0
ID672 3 1 2 312 41 0.3333 0.3333 0.3333 0.5822 0.4178 0
ID673 3 2 4 324 54 0.3333 0.3333 0.3333 0 0.4275 0.5725
ID674 1 2 1 121 50 0.3333 0.3333 0.3333 0 0.4275 0.5725
ID675 2 1 3 213 55 0.3333 0.3333 0.3333 1 0 0
ID676 3 2 2 322 41 0.3333 0.3333 0.3333 0 0.4275 0.5725
ID677 3 1 2 312 41 0.3333 0.3333 0.3333 0.5822 0.4178 0
ID678 1 1 2 112 34 0.3333 0.3333 0.3333 1 0 0
ID679 1 1 3 113 40 0.3333 0.3333 0.3333 1 0 0
ID68 2 1 3 213 55 0.3333 0.3333 0.3333 1 0 0
ID680 1 1 4 114 45 0.3333 0.3333 0.3333 0.4752 0 0.5248
ID681 3 2 2 322 41 0.3333 0.3333 0.3333 0 0.4275 0.5725
ID682 3 2 3 323 47 0.3333 0.3333 0.3333 0.3333 0.6667 0
ID683 1 1 2 112 34 0.3333 0.3333 0.3333 1 0 0
ID684 1 1 1 111 47 0.3333 0.3333 0.3333 0.5822 0.4178 0
ID685 2 1 1 211 52 0.3333 0.3333 0.3333 0.5822 0.4178 0
ID686 3 2 1 321 41 0.3333 0.3333 0.3333 0 1 0
ID687 3 1 4 314 40 0.3333 0.3333 0.3333 0.0342 0.6325 0.3333
ID688 2 1 2 212 34 0.3333 0.3333 0.3333 1 0 0
ID689 1 1 3 113 40 0.3333 0.3333 0.3333 1 0 0
ID69 3 1 3 313 40 0.3333 0.3333 0.3333 0.5822 0.4178 0
ID690 3 2 3 323 47 0.3333 0.3333 0.3333 0.3333 0.6667 0
ID691 1 2 3 123 44 0.3333 0.3333 0.3333 0.4752 0 0.5248
ID692 1 1 4 114 45 0.3333 0.3333 0.3333 0.4752 0 0.5248
ID693 3 2 4 324 54 0.3333 0.3333 0.3333 0 0.4275 0.5725
ID694 2 1 2 212 34 0.3333 0.3333 0.3333 1 0 0
ID695 3 2 2 322 41 0.3333 0.3333 0.3333 0 0.4275 0.5725
ID696 3 2 1 321 41 0.3333 0.3333 0.3333 0 1 0
ID697 3 2 4 324 54 0.3333 0.3333 0.3333 0 0.4275 0.5725
ID698 2 2 2 222 30 0.3333 0.3333 0.3333 0 0 1
ID699 1 1 3 113 40 0.3333 0.3333 0.3333 1 0 0
ID7 2 2 1 221 26 0.3333 0.3333 0.3333 0 0.4275 0.5725
ID70 2 1 4 214 46 0.3333 0.3333 0.3333 0.5248 0 0.4752
ID700 3 1 1 311 39 0.3333 0.3333 0.3333 0 1 0
ID701 3 1 2 312 41 0.3333 0.3333 0.3333 0.5822 0.4178 0
ID702 2 2 3 223 44 0.3333 0.3333 0.3333 0.5248 0 0.4752
ID703 2 1 1 211 52 0.3333 0.3333 0.3333 0.5822 0.4178 0
ID704 2 2 3 223 44 0.3333 0.3333 0.3333 0.5248 0 0.4752
ID705 3 1 3 313 40 0.3333 0.3333 0.3333 0.5822 0.4178 0
ID706 3 2 3 323 47 0.3333 0.3333 0.3333 0.3333 0.6667 0
ID707 2 2 1 221 26 0.3333 0.3333 0.3333 0 0.4275 0.5725
ID708 1 1 1 111 47 0.3333 0.3333 0.3333 0.5822 0.4178 0
ID709 1 2 3 123 44 0.3333 0.3333 0.3333 0.4752 0 0.5248
ID71 2 2 3 223 44 0.3333 0.3333 0.3333 0.5248 0 0.4752
ID710 1 1 2 112 34 0.3333 0.3333 0.3333 1 0 0
ID711 2 2 4 224 44 0.3333 0.3333 0.3333 0 0 1
ID712 1 1 3 113 40 0.3333 0.3333 0.3333 1 0 0
ID713 2 2 1 221 26 0.3333 0.3333 0.3333 0 0.4275 0.5725
ID714 2 1 1 211 52 0.3333 0.3333 0.3333 0.5822 0.4178 0
ID715 3 1 4 314 40 0.3333 0.3333 0.3333 0.0342 0.6325 0.3333
ID716 3 1 4 314 40 0.3333 0.3333 0.3333 0.0342 0.6325 0.3333
ID717 3 2 4 324 54 0.3333 0.3333 0.3333 0 0.4275 0.5725
ID718 3 2 1 321 41 0.3333 0.3333 0.3333 0 1 0
ID719 2 1 1 211 52 0.3333 0.3333 0.3333 0.5822 0.4178 0
ID72 3 1 3 313 40 0.3333 0.3333 0.3333 0.5822 0.4178 0
ID720 2 2 1 221 26 0.3333 0.3333 0.3333 0 0.4275 0.5725
ID721 2 1 4 214 46 0.3333 0.3333 0.3333 0.5248 0 0.4752
ID722 3 2 3 323 47 0.3333 0.3333 0.3333 0.3333 0.6667 0
ID723 3 2 3 323 47 0.3333 0.3333 0.3333 0.3333 0.6667 0
ID724 3 2 4 324 54 0.3333 0.3333 0.3333 0 0.4275 0.5725
ID725 1 2 4 124 26 0.3333 0.3333 0.3333 0 0 1
ID726 3 1 3 313 40 0.3333 0.3333 0.3333 0.5822 0.4178 0
ID727 1 1 4 114 45 0.3333 0.3333 0.3333 0.4752 0 0.5248
ID728 3 1 3 313 40 0.3333 0.3333 0.3333 0.5822 0.4178 0
ID729 2 1 2 212 34 0.3333 0.3333 0.3333 1 0 0
ID73 3 1 4 314 40 0.3333 0.3333 0.3333 0.0342 0.6325 0.3333
ID730 1 2 3 123 44 0.3333 0.3333 0.3333 0.4752 0 0.5248
ID731 1 2 3 123 44 0.3333 0.3333 0.3333 0.4752 0 0.5248
ID732 1 2 1 121 50 0.3333 0.3333 0.3333 0 0.4275 0.5725
ID733 3 2 1 321 41 0.3333 0.3333 0.3333 0 1 0
ID734 1 2 4 124 26 0.3333 0.3333 0.3333 0 0 1
ID735 2 1 2 212 34 0.3333 0.3333 0.3333 1 0 0
ID736 1 2 1 121 50 0.3333 0.3333 0.3333 0 0.4275 0.5725
ID737 3 2 3 323 47 0.3333 0.3333 0.3333 0.3333 0.6667 0
ID738 3 1 2 312 41 0.3333 0.3333 0.3333 0.5822 0.4178 0
ID739 3 1 1 311 39 0.3333 0.3333 0.3333 0 1 0
ID74 1 1 2 112 34 0.3333 0.3333 0.3333 1 0 0
ID740 2 1 3 213 55 0.3333 0.3333 0.3333 1 0 0
ID741 3 2 1 321 41 0.3333 0.3333 0.3333 0 1 0
ID742 2 1 1 211 52 0.3333 0.3333 0.3333 0.5822 0.4178 0
ID743 1 2 3 123 44 0.3333 0.3333 0.3333 0.4752 0 0.5248
ID744 3 1 4 314 40 0.3333 0.3333 0.3333 0.0342 0.6325 0.3333
ID745 2 2 4 224 44 0.3333 0.3333 0.3333 0 0 1
ID746 2 1 3 213 55 0.3333 0.3333 0.3333 1 0 0
ID747 1 1 2 112 34 0.3333 0.3333 0.3333 1 0 0
ID748 2 1 4 214 46 0.3333 0.3333 0.3333 0.5248 0 0.4752
ID749 1 1 1 111 47 0.3333 0.3333 0.3333 0.5822 0.4178 0
ID75 2 1 2 212 34 0.3333 0.3333 0.3333 1 0 0
ID750 2 1 4 214 46 0.3333 0.3333 0.3333 0.5248 0 0.4752
ID751 3 2 3 323 47 0.3333 0.3333 0.3333 0.3333 0.6667 0
ID752 3 2 3 323 47 0.3333 0.3333 0.3333 0.3333 0.6667 0
ID753 2 2 2 222 30 0.3333 0.3333 0.3333 0 0 1
ID754 2 1 4 214 46 0.3333 0.3333 0.3333 0.5248 0 0.4752
ID755 1 1 3 113 40 0.3333 0.3333 0.3333 1 0 0
ID756 2 2 4 224 44 0.3333 0.3333 0.3333 0 0 1
ID757 3 1 4 314 40 0.3333 0.3333 0.3333 0.0342 0.6325 0.3333
ID758 2 2 3 223 44 0.3333 0.3333 0.3333 0.5248 0 0.4752
ID759 3 1 3 313 40 0.3333 0.3333 0.3333 0.5822 0.4178 0
ID76 2 1 1 211 52 0.3333 0.3333 0.3333 0.5822 0.4178 0
ID760 1 1 1 111 47 0.3333 0.3333 0.3333 0.5822 0.4178 0
ID761 2 1 2 212 34 0.3333 0.3333 0.3333 1 0 0
ID762 3 2 3 323 47 0.3333 0.3333 0.3333 0.3333 0.6667 0
ID763 1 1 4 114 45 0.3333 0.3333 0.3333 0.4752 0 0.5248
ID764 2 2 3 223 44 0.3333 0.3333 0.3333 0.5248 0 0.4752
ID765 3 1 2 312 41 0.3333 0.3333 0.3333 0.5822 0.4178 0
ID766 2 2 3 223 44 0.3333 0.3333 0.3333 0.5248 0 0.4752
ID767 1 1 1 111 47 0.3333 0.3333 0.3333 0.5822 0.4178 0
ID768 3 2 1 321 41 0.3333 0.3333 0.3333 0 1 0
ID769 3 1 4 314 40 0.3333 0.3333 0.3333 0.0342 0.6325 0.3333
ID77 1 2 4 124 26 0.3333 0.3333 0.3333 0 0 1
ID770 3 1 3 313 40 0.3333 0.3333 0.3333 0.5822 0.4178 0
ID771 1 2 2 122 40 0.3333 0.3333 0.3333 0 0 1
ID772 3 2 2 322 41 0.3333 0.3333 0.3333 0 0.4275 0.5725
ID773 2 1 1 211 52 0.3333 0.3333 0.3333 0.5822 0.4178 0
ID774 2 1 1 211 52 0.3333 0.3333 0.3333 0.5822 0.4178 0
ID775 2 1 1 211 52 0.3333 0.3333 0.3333 0.5822 0.4178 0
ID776 3 2 4 324 54 0.3333 0.3333 0.3333 0 0.4275 0.5725
ID777 1 1 4 114 45 0.3333 0.3333 0.3333 0.4752 0 0.5248
ID778 1 2 3 123 44 0.3333 0.3333 0.3333 0.4752 0 0.5248
ID779 2 2 4 224 44 0.3333 0.3333 0.3333 0 0 1
ID78 2 2 2 222 30 0.3333 0.3333 0.3333 0 0 1
ID780 2 1 1 211 52 0.3333 0.3333 0.3333 0.5822 0.4178 0
ID781 3 2 1 321 41 0.3333 0.3333 0.3333 0 1 0
ID782 2 2 3 223 44 0.3333 0.3333 0.3333 0.5248 0 0.4752
ID783 2 2 2 222 30 0.3333 0.3333 0.3333 0 0 1
ID784 1 1 3 113 40 0.3333 0.3333 0.3333 1 0 0
ID785 3 2 2 322 41 0.3333 0.3333 0.3333 0 0.4275 0.5725
ID786 1 2 3 123 44 0.3333 0.3333 0.3333 0.4752 0 0.5248
ID787 3 2 3 323 47 0.3333 0.3333 0.3333 0.3333 0.6667 0
ID788 3 2 3 323 47 0.3333 0.3333 0.3333 0.3333 0.6667 0
ID789 3 2 1 321 41 0.3333 0.3333 0.3333 0 1 0
ID79 1 1 3 113 40 0.3333 0.3333 0.3333 1 0 0
ID790 3 2 4 324 54 0.3333 0.3333 0.3333 0 0.4275 0.5725
ID791 2 1 4 214 46 0.3333 0.3333 0.3333 0.5248 0 0.4752
ID792 2 2 2 222 30 0.3333 0.3333 0.3333 0 0 1
ID793 1 1 3 113 40 0.3333 0.3333 0.3333 1 0 0
ID794 1 1 1 111 47 0.3333 0.3333 0.3333 0.5822 0.4178 0
ID795 3 1 3 313 40 0.3333 0.3333 0.3333 0.5822 0.4178 0
ID796 2 2 3 223 44 0.3333 0.3333 0.3333 0.5248 0 0.4752
ID797 1 1 3 113 40 0.3333 0.3333 0.3333 1 0 0
ID798 2 1 1 211 52 0.3333 0.3333 0.3333 0.5822 0.4178 0
ID799 2 1 4 214 46 0.3333 0.3333 0.3333 0.5248 0 0.4752
ID8 2 1 3 213 55 0.3333 0.3333 0.3333 1 0 0
ID80 1 2 1 121 50 0.3333 0.3333 0.3333 0 0.4275 0.5725
ID800 2 1 3 213 55 0.3333 0.3333 0.3333 1 0 0
ID801 1 1 1 111 47 0.3333 0.3333 0.3333 0.5822 0.4178 0
ID802 3 2 3 323 47 0.3333 0.3333 0.3333 0.3333 0.6667 0
ID803 3 1 4 314 40 0.3333 0.3333 0.3333 0.0342 0.6325 0.3333
ID804 2 2 3 223 44 0.3333 0.3333 0.3333 0.5248 0 0.4752
ID805 2 1 4 214 46 0.3333 0.3333 0.3333 0.5248 0 0.4752
ID806 2 1 3 213 55 0.3333 0.3333 0.3333 1 0 0
ID807 1 2 1 121 50 0.3333 0.3333 0.3333 0 0.4275 0.5725
ID808 3 2 1 321 41 0.3333 0.3333 0.3333 0 1 0
ID809 1 1 3 113 40 0.3333 0.3333 0.3333 1 0 0
ID81 2 2 3 223 44 0.3333 0.3333 0.3333 0.5248 0 0.4752
ID810 2 1 1 211 52 0.3333 0.3333 0.3333 0.5822 0.4178 0
ID811 3 1 2 312 41 0.3333 0.3333 0.3333 0.5822 0.4178 0
ID812 1 2 3 123 44 0.3333 0.3333 0.3333 0.4752 0 0.5248
ID813 1 1 1 111 47 0.3333 0.3333 0.3333 0.5822 0.4178 0
ID814 2 2 1 221 26 0.3333 0.3333 0.3333 0 0.4275 0.5725
ID815 3 1 4 314 40 0.3333 0.3333 0.3333 0.0342 0.6325 0.3333
ID816 1 2 1 121 50 0.3333 0.3333 0.3333 0 0.4275 0.5725
ID817 2 2 4 224 44 0.3333 0.3333 0.3333 0 0 1
ID818 1 2 3 123 44 0.3333 0.3333 0.3333 0.4752 0 0.5248
ID819 1 1 3 113 40 0.3333 0.3333 0.3333 1 0 0
ID82 3 1 2 312 41 0.3333 0.3333 0.3333 0.5822 0.4178 0
ID820 3 2 3 323 47 0.3333 0.3333 0.3333 0.3333 0.6667 0
ID821 3 1 4 314 40 0.3333 0.3333 0.3333 0.0342 0.6325 0.3333
ID822 3 2 4 324 54 0.3333 0.3333 0.3333 0 0.4275 0.5725
ID823 3 2 2 322 41 0.3333 0.3333 0.3333 0 0.4275 0.5725
ID824 3 2 4 324 54 0.3333 0.3333 0.3333 0 0.4275 0.5725
ID825 2 2 1 221 26 0.3333 0.3333 0.3333 0 0.4275 0.5725
ID826 3 1 2 312 41 0.3333 0.3333 0.3333 0.5822 0.4178 0
ID827 2 1 4 214 46 0.3333 0.3333 0.3333 0.5248 0 0.4752
ID828 3 2 2 322 41 0.3333 0.3333 0.3333 0 0.4275 0.5725
ID829 2 1 3 213 55 0.3333 0.3333 0.3333 1 0 0
ID83 3 1 3 313 40 0.3333 0.3333 0.3333 0.5822 0.4178 0
ID830 3 1 3 313 40 0.3333 0.3333 0.3333 0.5822 0.4178 0
ID831 2 1 2 212 34 0.3333 0.3333 0.3333 1 0 0
ID832 2 1 3 213 55 0.3333 0.3333 0.3333 1 0 0
ID833 3 1 1 311 39 0.3333 0.3333 0.3333 0 1 0
ID834 2 2 4 224 44 0.3333 0.3333 0.3333 0 0 1
ID835 1 1 4 114 45 0.3333 0.3333 0.3333 0.4752 0 0.5248
ID836 3 2 3 323 47 0.3333 0.3333 0.3333 0.3333 0.6667 0
ID837 1 1 1 111 47 0.3333 0.3333 0.3333 0.5822 0.4178 0
ID838 3 2 4 324 54 0.3333 0.3333 0.3333 0 0.4275 0.5725
ID839 2 1 2 212 34 0.3333 0.3333 0.3333 1 0 0
ID84 1 1 2 112 34 0.3333 0.3333 0.3333 1 0 0
ID840 1 1 4 114 45 0.3333 0.3333 0.3333 0.4752 0 0.5248
ID841 1 1 4 114 45 0.3333 0.3333 0.3333 0.4752 0 0.5248
ID842 3 1 1 311 39 0.3333 0.3333 0.3333 0 1 0
ID843 1 2 2 122 40 0.3333 0.3333 0.3333 0 0 1
ID844 2 2 3 223 44 0.3333 0.3333 0.3333 0.5248 0 0.4752
ID845 3 2 1 321 41 0.3333 0.3333 0.3333 0 1 0
ID846 3 1 1 311 39 0.3333 0.3333 0.3333 0 1 0
ID847 2 1 1 211 52 0.3333 0.3333 0.3333 0.5822 0.4178 0
ID848 2 2 1 221 26 0.3333 0.3333 0.3333 0 0.4275 0.5725
ID849 2 1 3 213 55 0.3333 0.3333 0.3333 1 0 0
ID85 2 1 1 211 52 0.3333 0.3333 0.3333 0.5822 0.4178 0
ID850 3 1 1 311 39 0.3333 0.3333 0.3333 0 1 0
ID851 3 1 2 312 41 0.3333 0.3333 0.3333 0.5822 0.4178 0
ID852 3 1 1 311 39 0.3333 0.3333 0.3333 0 1 0
ID853 2 2 3 223 44 0.3333 0.3333 0.3333 0.5248 0 0.4752
ID854 1 1 3 113 40 0.3333 0.3333 0.3333 1 0 0
ID855 3 1 3 313 40 0.3333 0.3333 0.3333 0.5822 0.4178 0
ID856 3 1 3 313 40 0.3333 0.3333 0.3333 0.5822 0.4178 0
ID857 3 1 1 311 39 0.3333 0.3333 0.3333 0 1 0
ID858 3 2 4 324 54 0.3333 0.3333 0.3333 0 0.4275 0.5725
ID859 3 1 2 312 41 0.3333 0.3333 0.3333 0.5822 0.4178 0
ID86 1 2 1 121 50 0.3333 0.3333 0.3333 0 0.4275 0.5725
ID860 3 2 1 321 41 0.3333 0.3333 0.3333 0 1 0
ID861 1 2 2 122 40 0.3333 0.3333 0.3333 0 0 1
ID862 1 1 2 112 34 0.3333 0.3333 0.3333 1 0 0
ID863 1 1 4 114 45 0.3333 0.3333 0.3333 0.4752 0 0.5248
ID864 1 2 3 123 44 0.3333 0.3333 0.3333 0.4752 0 0.5248
ID865 1 2 2 122 40 0.3333 0.3333 0.3333 0 0 1
ID866 2 2 1 221 26 0.3333 0.3333 0.3333 0 0.4275 0.5725
ID867 1 1 3 113 40 0.3333 0.3333 0.3333 1 0 0
ID868 2 1 1 211 52 0.3333 0.3333 0.3333 0.5822 0.4178 0
ID869 2 2 3 223 44 0.3333 0.3333 0.3333 0.5248 0 0.4752
ID87 2 1 1 211 52 0.3333 0.3333 0.3333 0.5822 0.4178 0
ID870 3 1 4 314 40 0.3333 0.3333 0.3333 0.0342 0.6325 0.3333
ID871 3 2 1 321 41 0.3333 0.3333 0.3333 0 1 0
ID872 1 2 2 122 40 0.3333 0.3333 0.3333 0 0 1
ID873 2 1 3 213 55 0.3333 0.3333 0.3333 1 0 0
ID874 2 2 4 224 44 0.3333 0.3333 0.3333 0 0 1
ID875 1 2 2 122 40 0.3333 0.3333 0.3333 0 0 1
ID876 3 1 3 313 40 0.3333 0.3333 0.3333 0.5822 0.4178 0
ID877 3 2 4 324 54 0.3333 0.3333 0.3333 0 0.4275 0.5725
ID878 2 1 4 214 46 0.3333 0.3333 0.3333 0.5248 0 0.4752
ID879 1 1 2 112 34 0.3333 0.3333 0.3333 1 0 0
ID88 1 2 2 122 40 0.3333 0.3333 0.3333 0 0 1
ID880 3 2 4 324 54 0.3333 0.3333 0.3333 0 0.4275 0.5725
ID881 2 1 2 212 34 0.3333 0.3333 0.3333 1 0 0
ID882 1 2 2 122 40 0.3333 0.3333 0.3333 0 0 1
ID883 3 2 3 323 47 0.3333 0.3333 0.3333 0.3333 0.6667 0
ID884 2 1 4 214 46 0.3333 0.3333 0.3333 0.5248 0 0.4752
ID885 2 1 4 214 46 0.3333 0.3333 0.3333 0.5248 0 0.4752
ID886 2 1 2 212 34 0.3333 0.3333 0.3333 1 0 0
ID887 2 1 2 212 34 0.3333 0.3333 0.3333 1 0 0
ID888 2 2 4 224 44 0.3333 0.3333 0.3333 0 0 1
ID889 1 2 3 123 44 0.3333 0.3333 0.3333 0.4752 0 0.5248
ID89 3 1 1 311 39 0.3333 0.3333 0.3333 0 1 0
ID890 1 1 4 114 45 0.3333 0.3333 0.3333 0.4752 0 0.5248
ID891 3 1 3 313 40 0.3333 0.3333 0.3333 0.5822 0.4178 0
ID892 1 2 3 123 44 0.3333 0.3333 0.3333 0.4752 0 0.5248
ID893 1 2 4 124 26 0.3333 0.3333 0.3333 0 0 1
ID894 3 1 2 312 41 0.3333 0.3333 0.3333 0.5822 0.4178 0
ID895 1 1 3 113 40 0.3333 0.3333 0.3333 1 0 0
ID896 2 2 1 221 26 0.3333 0.3333 0.3333 0 0.4275 0.5725
ID897 3 2 2 322 41 0.3333 0.3333 0.3333 0 0.4275 0.5725
ID898 3 2 2 322 41 0.3333 0.3333 0.3333 0 0.4275 0.5725
ID899 2 2 2 222 30 0.3333 0.3333 0.3333 0 0 1
ID9 3 1 3 313 40 0.3333 0.3333 0.3333 0.5822 0.4178 0
ID90 3 1 2 312 41 0.3333 0.3333 0.3333 0.5822 0.4178 0
ID900 2 1 4 214 46 0.3333 0.3333 0.3333 0.5248 0 0.4752
ID901 1 2 3 123 44 0.3333 0.3333 0.3333 0.4752 0 0.5248
ID902 3 2 1 321 41 0.3333 0.3333 0.3333 0 1 0
ID903 3 2 4 324 54 0.3333 0.3333 0.3333 0 0.4275 0.5725
ID904 1 2 1 121 50 0.3333 0.3333 0.3333 0 0.4275 0.5725
ID905 3 2 4 324 54 0.3333 0.3333 0.3333 0 0.4275 0.5725
ID906 1 1 3 113 40 0.3333 0.3333 0.3333 1 0 0
ID907 1 1 1 111 47 0.3333 0.3333 0.3333 0.5822 0.4178 0
ID908 2 1 2 212 34 0.3333 0.3333 0.3333 1 0 0
ID909 1 2 1 121 50 0.3333 0.3333 0.3333 0 0.4275 0.5725
ID91 2 2 1 221 26 0.3333 0.3333 0.3333 0 0.4275 0.5725
ID910 1 1 4 114 45 0.3333 0.3333 0.3333 0.4752 0 0.5248
ID911 1 1 1 111 47 0.3333 0.3333 0.3333 0.5822 0.4178 0
ID912 1 2 3 123 44 0.3333 0.3333 0.3333 0.4752 0 0.5248
ID913 1 1 1 111 47 0.3333 0.3333 0.3333 0.5822 0.4178 0
ID914 1 2 1 121 50 0.3333 0.3333 0.3333 0 0.4275 0.5725
ID915 3 1 2 312 41 0.3333 0.3333 0.3333 0.5822 0.4178 0
ID916 3 2 4 324 54 0.3333 0.3333 0.3333 0 0.4275 0.5725
ID917 1 1 2 112 34 0.3333 0.3333 0.3333 1 0 0
ID918 1 1 3 113 40 0.3333 0.3333 0.3333 1 0 0
ID919 3 2 3 323 47 0.3333 0.3333 0.3333 0.3333 0.6667 0
ID92 3 2 3 323 47 0.3333 0.3333 0.3333 0.3333 0.6667 0
ID920 2 1 4 214 46 0.3333 0.3333 0.3333 0.5248 0 0.4752
ID921 2 1 3 213 55 0.3333 0.3333 0.3333 1 0 0
ID922 3 2 4 324 54 0.3333 0.3333 0.3333 0 0.4275 0.5725
ID923 3 2 3 323 47 0.3333 0.3333 0.3333 0.3333 0.6667 0
ID924 2 1 3 213 55 0.3333 0.3333 0.3333 1 0 0
ID925 3 2 2 322 41 0.3333 0.3333 0.3333 0 0.4275 0.5725
ID926 3 1 1 311 39 0.3333 0.3333 0.3333 0 1 0
ID927 1 2 4 124 26 0.3333 0.3333 0.3333 0 0 1
ID928 2 1 4 214 46 0.3333 0.3333 0.3333 0.5248 0 0.4752
ID929 2 1 4 214 46 0.3333 0.3333 0.3333 0.5248 0 0.4752
ID93 1 2 1 121 50 0.3333 0.3333 0.3333 0 0.4275 0.5725
ID930 2 1 4 214 46 0.3333 0.3333 0.3333 0.5248 0 0.4752
ID931 2 1 2 212 34 0.3333 0.3333 0.3333 1 0 0
ID932 1 2 4 124 26 0.3333 0.3333 0.3333 0 0 1
ID933 1 1 3 113 40 0.3333 0.3333 0.3333 1 0 0
ID934 2 1 3 213 55 0.3333 0.3333 0.3333 1 0 0
ID935 2 2 2 222 30 0.3333 0.3333 0.3333 0 0 1
ID936 1 1 4 114 45 0.3333 0.3333 0.3333 0.4752 0 0.5248
ID937 3 1 2 312 41 0.3333 0.3333 0.3333 0.5822 0.4178 0
ID938 1 2 2 122 40 0.3333 0.3333 0.3333 0 0 1
ID939 3 2 2 322 41 0.3333 0.3333 0.3333 0 0.4275 0.5725
ID94 2 2 3 223 44 0.3333 0.3333 0.3333 0.5248 0 0.4752
ID940 3 2 2 322 41 0.3333 0.3333 0.3333 0 0.4275 0.5725
ID941 2 2 3 223 44 0.3333 0.3333 0.3333 0.5248 0 0.4752
ID942 3 2 3 323 47 0.3333 0.3333 0.3333 0.3333 0.6667 0
ID943 3 2 2 322 41 0.3333 0.3333 0.3333 0 0.4275 0.5725
ID944 3 2 3 323 47 0.3333 0.3333 0.3333 0.3333 0.6667 0
ID945 1 1 1 111 47 0.3333 0.3333 0.3333 0.5822 0.4178 0
ID946 3 2 4 324 54 0.3333 0.3333 0.3333 0 0.4275 0.5725
ID947 1 1 1 111 47 0.3333 0.3333 0.3333 0.5822 0.4178 0
ID948 3 1 4 314 40 0.3333 0.3333 0.3333 0.0342 0.6325 0.3333
ID949 1 1 3 113 40 0.3333 0.3333 0.3333 1 0 0
ID95 2 1 4 214 46 0.3333 0.3333 0.3333 0.5248 0 0.4752
ID950 1 2 2 122 40 0.3333 0.3333 0.3333 0 0 1
ID951 2 2 1 221 26 0.3333 0.3333 0.3333 0 0.4275 0.5725
ID952 2 2 4 224 44 0.3333 0.3333 0.3333 0 0 1
ID953 1 2 3 123 44 0.3333 0.3333 0.3333 0.4752 0 0.5248
ID954 1 1 2 112 34 0.3333 0.3333 0.3333 1 0 0
ID955 1 2 4 124 26 0.3333 0.3333 0.3333 0 0 1
ID956 3 1 3 313 40 0.3333 0.3333 0.3333 0.5822 0.4178 0
ID957 1 2 1 121 50 0.3333 0.3333 0.3333 0 0.4275 0.5725
ID958 1 2 2 122 40 0.3333 0.3333 0.3333 0 0 1
ID959 2 1 2 212 34 0.3333 0.3333 0.3333 1 0 0
ID96 3 2 3 323 47 0.3333 0.3333 0.3333 0.3333 0.6667 0
ID960 1 2 3 123 44 0.3333 0.3333 0.3333 0.4752 0 0.5248
ID961 1 2 2 122 40 0.3333 0.3333 0.3333 0 0 1
ID962 3 1 4 314 40 0.3333 0.3333 0.3333 0.0342 0.6325 0.3333
ID963 2 1 3 213 55 0.3333 0.3333 0.3333 1 0 0
ID964 3 2 3 323 47 0.3333 0.3333 0.3333 0.3333 0.6667 0
ID965 2 2 3 223 44 0.3333 0.3333 0.3333 0.5248 0 0.4752
ID966 3 2 2 322 41 0.3333 0.3333 0.3333 0 0.4275 0.5725
ID967 1 2 4 124 26 0.3333 0.3333 0.3333 0 0 1
ID968 2 2 3 223 44 0.3333 0.3333 0.3333 0.5248 0 0.4752
ID969 2 2 2 222 30 0.3333 0.3333 0.3333 0 0 1
ID97 2 2 4 224 44 0.3333 0.3333 0.3333 0 0 1
ID970 2 1 4 214 46 0.3333 0.3333 0.3333 0.5248 0 0.4752
ID971 2 2 3 223 44 0.3333 0.3333 0.3333 0.5248 0 0.4752
ID972 2 2 3 223 44 0.3333 0.3333 0.3333 0.5248 0 0.4752
ID973 1 1 4 114 45 0.3333 0.3333 0.3333 0.4752 0 0.5248
ID974 3 1 1 311 39 0.3333 0.3333 0.3333 0 1 0
ID975 2 2 4 224 44 0.3333 0.3333 0.3333 0 0 1
ID976 3 2 1 321 41 0.3333 0.3333 0.3333 0 1 0
ID977 2 2 4 224 44 0.3333 0.3333 0.3333 0 0 1
ID978 1 2 2 122 40 0.3333 0.3333 0.3333 0 0 1
ID979 3 1 2 312 41 0.3333 0.3333 0.3333 0.5822 0.4178 0
ID98 1 2 2 122 40 0.3333 0.3333 0.3333 0 0 1
ID980 2 1 3 213 55 0.3333 0.3333 0.3333 1 0 0
ID981 3 1 4 314 40 0.3333 0.3333 0.3333 0.0342 0.6325 0.3333
ID982 2 1 4 214 46 0.3333 0.3333 0.3333 0.5248 0 0.4752
ID983 3 1 2 312 41 0.3333 0.3333 0.3333 0.5822 0.4178 0
ID984 3 2 4 324 54 0.3333 0.3333 0.3333 0 0.4275 0.5725
ID985 2 2 4 224 44 0.3333 0.3333 0.3333 0 0 1
ID986 2 2 4 224 44 0.3333 0.3333 0.3333 0 0 1
ID987 2 2 2 222 30 0.3333 0.3333 0.3333 0 0 1
ID988 3 2 2 322 41 0.3333 0.3333 0.3333 0 0.4275 0.5725
ID989 1 2 2 122 40 0.3333 0.3333 0.3333 0 0 1
ID99 3 2 2 322 41 0.3333 0.3333 0.3333 0 0.4275 0.5725
ID990 1 2 2 122 40 0.3333 0.3333 0.3333 0 0 1
ID991 1 2 2 122 40 0.3333 0.3333 0.3333 0 0 1
ID992 3 2 3 323 47 0.3333 0.3333 0.3333 0.3333 0.6667 0
ID993 1 2 3 123 44 0.3333 0.3333 0.3333 0.4752 0 0.5248
ID994 2 1 1 211 52 0.3333 0.3333 0.3333 0.5822 0.4178 0
ID995 3 2 4 324 54 0.3333 0.3333 0.3333 0 0.4275 0.5725
ID996 1 1 1 111 47 0.3333 0.3333 0.3333 0.5822 0.4178 0
ID997 2 1 1 211 52 0.3333 0.3333 0.3333 0.5822 0.4178 0
ID998 2 1 3 213 55 0.3333 0.3333 0.3333 1 0 0
ID999 3 2 1 321 41 0.3333 0.3333 0.3333 0 1 0
